customer_segmentation.arff
@relation customer_segmentation

@attribute Age numeric
@attribute Income numeric
@attribute SpendingScore numeric
@attribute PurchaseFrequency numeric

@data
23,15000,39,2
31,20000,81,8
40,23000,6,1
35,18000,77,7
22,17000,40,3
25,19000,76,6
28,21000,94,9
35,22000,3,1
45,26000,14,2
42,28000,17,1
48,29000,21,2
50,54000,42,5
49,56000,48,6
47,57000,59,7
45,59000,63,8
53,52000,50,5
43,55000,46,4
46,58000,54,6
48,60000,59,7
42,59000,55,6
40,75000,28,3
39,76000,35,4
38,72000,39,4
35,71000,42,5
33,70000,52,6
31,74000,60,7
29,73000,65,8
27,78000,80,9
26,82000,86,10
25,81000,75,8
